1	0.075	1835.647	0.1282529	0.5268817204	0.4224270353	0.15	1754.8142	0.12260527	0.5268817204	1	0.25	1770.8236	0.12372381	0.6589861751	0.509984639																
2	0.075	1611.0912	0.112563625	0.7142857143	0.7250384025	0.15	1554.0917	0.10858119	0.6497695853	0.6543778802	0.25	1759.5778	0.12293809	0.5376344086	0.8786482335																
3	0.075	1265.9482	0.08844921	0.4731182796	1	0.15	1295.3572	0.09050394	0.6605222734	0.8740399386	0.25	1525.3655	0.10657415	0.6344086022	1																
4	0.075	1066.6014	0.07452126	0.6850998464	0.7834101382	0.15	1115.3611	0.077927984	0.6973886329	0.9062980031	0.25	1507.1162	0.10529912	0.8371735791	1																
5	0.075	1039.3076	0.07261429	0.8602150538	0.5284178187	0.15	1086.5237	0.075913176	0.6712749616	0.9370199693	0.25	1223.2185	0.08546376	0.7142857143	1																
6	0.075	913.3273	0.0638123	0.4639016897	1	0.15	1036.9225	0.07244764	0.6912442396	0.9416282642	0.25	1057.7112	0.0739001	0.7880184332	0.9539170507																
7	0.075	844.51825	0.059004754	0.9016897081	0.5468509985	0.15	1002.1605	0.0700189	0.6374807988	0.9569892473	0.25	1524.2772	0.106498115	0.5929339478	1																
8	0.075	791.3046	0.055286832	0.4592933948	1	0.15	884.4686	0.06179601	0.4777265745	1	0.25	1123.6608	0.07850787	0.7864823349	0.9738863287																
9	0.075	712.9644	0.049813364	0.9324116743	0.4884792627	0.15	743.83527	0.051970243	0.6927803379	0.9278033794	0.25	719.1344	0.050244447	0.6159754224	0.9953917051																
10	0.075	527.3404	0.036844194	0.8648233487	0.619047619	0.15	788.9688	0.055123635	0.7941628264	0.8248847926	0.25	677.2055	0.04731496	0.7004608295	0.8986175115																
11	0.075	479.7335	0.033517994	0.8064516129	0.7142857143	0.15	622.2287	0.043473843	0.7588325653	0.8694316436	0.25	609.2363	0.04256609	0.7680491551	0.9523809524																
12	0.075	703.3669	0.0491428	0.4639016897	1	0.15	714.09467	0.049892332	0.7173579109	0.9262672811	0.25	649.2502	0.045361776	0.7480798771	0.9416282642																
13	0.075	576.11945	0.040252287	0.8801843318	0.5222734255	0.15	469.22696	0.032783926	0.6036866359	0.9615975422	0.25	602.03503	0.042062953	0.7265745008	0.935483871																
14	0.075	485.05966	0.033890124	0.8540706605	0.6973886329	0.15	635.9139	0.04443	0.821812596	0.821812596	0.25	578.16345	0.040395092	0.6605222734	0.9539170507																
15	0.075	418.68237	0.029252477	0.4592933948	1	0.15	479.2517	0.033484332	0.7941628264	0.8079877112	0.25	742.8356	0.051900394	0.7250384025	0.8847926267																
16	0.075	426.98038	0.029832246	0.9201228879	0.4915514593	0.15	526.6975	0.036799278	0.7849462366	0.7910906298	0.25	533.25934	0.03725773	0.6927803379	0.930875576																
17	0.075	468.4831	0.03273195	0.9247311828	0.5069124424	0.15	827.7785	0.057835188	0.4715821813	1	0.25	714.44165	0.049916573	0.8509984639	0.8832565284																
18	0.075	498.59857	0.03483606	0.4592933948	1	0.15	546.0944	0.03815449	0.7956989247	0.8141321045	0.25	1599.626	0.111762576	0.8448540707	0.9508448541																
19	0.075	583.3534	0.04075771	0.4546850998	1	0.15	938.9079	0.065599576	0.7926267281	0.8294930876	0.25	643.87604	0.0449863	0.8187403994	0.8878648233																
20	0.075	396.77084	0.027721569	0.8387096774	0.708141321	0.15	648.02155	0.045275934	0.4715821813	1	0.25	572.00464	0.03996479	0.8433179724	0.8709677419																
21	0.075	506.0564	0.035357118	0.8847926267	0.6021505376	0.15	372.8295	0.02604883	0.7956989247	0.8079877112	0.25	621.7271	0.043438803	0.6927803379	0.9462365591																
22	0.075	357.33182	0.02496604	0.9216589862	0.5007680492	0.15	405.01382	0.028297482	0.7465437788	0.7296466974	0.25	739.1998	0.051646374	0.8540706605	0.846390169																
23	0.075	491.44492	0.034336254	0.9062980031	0.5714285714	0.15	472.70578	0.033026982	0.7895545315	0.846390169	0.25	503.74307	0.035195496	0.9447004608	0.7834101382																
24	0.075	530.1803	0.037042614	0.8817204301	0.6559139785	0.15	382.91644	0.026753588	0.8709677419	0.6835637481	0.25	815.09015	0.056948677	0.7588325653	0.8617511521																
25	0.075	695.2429	0.0485752	0.8264208909	0.6820276498	0.15	478.00534	0.03339725	0.8310291859	0.6789554531	0.25	578.92	0.04044795	0.8494623656	0.8064516129																
26	0.075	359.93256	0.025147751	0.4500768049	1	0.15	565.68616	0.039523333	0.4715821813	1	0.25	480.13443	0.03354601	0.9523809524	0.8033794163																
27	0.075	356.5835	0.024913758	0.4562211982	1	0.15	401.41248	0.028045863	0.7634408602	0.8049155146	0.25	548.25006	0.03830511	0.6405529954	0.935483871																
28	0.075	387.007	0.027039384	0.4562211982	1	0.15	413.70264	0.028904554	0.8509984639	0.6835637481	0.25	867.39044	0.06060279	0.6313364055	0.9923195084																
29	0.075	421.09503	0.029421046	0.4546850998	1	0.15	515.6064	0.03602436	0.66359447	0.8172043011	0.25	737.12756	0.05150159	0.8125960061	0.8479262673																
30	0.075	332.55243	0.023234757	0.9262672811	0.4930875576	0.15	544.7377	0.038059708	0.8110599078	0.7741935484	0.25	608.33997	0.042503465	0.8079877112	0.8694316436																
31	0.075	348.0662	0.024318669	0.4531490015	1	0.15	638.86896	0.044636466	0.8310291859	0.797235023	0.25	523.5818	0.036581587	0.8264208909	0.8125960061																
32	0.075	374.42764	0.026160492	0.8586789555	0.6574500768	0.15	400.15555	0.027958049	0.8602150538	0.668202765	0.25	673.7739	0.0470752	0.8156682028	0.8341013825																
33	0.075	514.57916	0.03595259	0.4531490015	1	0.15	757.5756	0.052930254	0.841781874	0.6973886329	0.25	949.9738	0.06637272	0.801843318	0.7665130568																
34	0.075	452.81772	0.03163744	0.4531490015	1	0.15	399.01288	0.027878212	0.8402457757	0.6374807988	0.25	425.00925	0.029694526	0.8986175115	0.7665130568																
35	0.075	371.59283	0.02596243	0.8586789555	0.6159754224	0.15	386.37772	0.026995417	0.6973886329	0.7803379416	0.25	668.64655	0.046716962	0.757296467	0.841781874																
36	0.075	819.429	0.057251826	0.4546850998	1	0.15	545.1487	0.038088415	0.4531490015	1	0.25	460.5657	0.032178782	0.8540706605	0.7880184332																
37	0.075	347.22552	0.024259934	0.9262672811	0.4731182796	0.15	384.72186	0.026879726	0.8479262673	0.6912442396	0.25	638.9028	0.04463883	0.7941628264	0.8540706605																
38	0.075	343.23212	0.023980923	0.9155145929	0.4992319508	0.15	384.783	0.026883997	0.6651305684	0.6743471582	0.25	556.1164	0.03885471	0.7465437788	0.8709677419																
39	0.075	422.67526	0.029531453	0.9201228879	0.5084485407	0.15	419.68066	0.029322231	0.8586789555	0.7035330261	0.25	605.5242	0.04230673	0.7619047619	0.8648233487																
40	0.075	409.5994	0.028617868	0.9139784946	0.5299539171	0.15	463.4265	0.032378662	0.8233486943	0.7204301075	0.25	708.5355	0.049503926	0.7419354839	0.8525345622																
41	0.075	358.96814	0.025080368	0.9247311828	0.509984639	0.15	541.07086	0.037803512	0.8740399386	0.643625192	0.25	598.16205	0.041792355	0.8033794163	0.8525345622																
42	0.075	332.35168	0.023220731	0.4500768049	1	0.15	350.11844	0.024462061	0.8571428571	0.5299539171	0.25	510.70395	0.035681836	0.7204301075	0.9062980031																
43	0.075	519.91003	0.036325045	0.9216589862	0.509984639	0.15	404.47733	0.028260002	0.8602150538	0.6789554531	0.25	443.02945	0.030953556	0.8755760369	0.6605222734																
44	0.075	365.95526	0.025568545	0.4546850998	1	0.15	431.6436	0.03015805	0.866359447	0.6728110599	0.25	613.0624	0.04283341	0.8172043011	0.8371735791																
45	0.075	390.2493	0.02726592	0.9201228879	0.5176651306	0.15	472.5789	0.033018116	0.8371735791	0.7434715822	0.25	589.81714	0.041209314	0.7296466974	0.8694316436																
46	0.075	389.88068	0.027240163	0.9201228879	0.5053763441	0.15	628.43146	0.043907218	0.8341013825	0.7542242704	0.25	611.49774	0.04272409	0.9416282642	0.7757296467																
47	0.075	371.64694	0.025966212	0.4592933948	1	0.15	435.40677	0.030420976	0.8494623656	0.6620583717	0.25	555.95667	0.03884355	0.777265745	0.8617511521																
48	0.075	412.50565	0.028820924	0.4439324117	1	0.15	440.6708	0.030788766	0.7634408602	0.6052227343	0.25	404.6537	0.028272325	0.8709677419	0.8694316436																
49	0.075	453.84747	0.031709395	0.9170506912	0.509984639	0.15	643.5092	0.04496067	0.8832565284	0.6129032258	0.25	576.12085	0.040252384	0.7864823349	0.8602150538																
50	0.075	557.3985	0.03894429	0.4470046083	1	0.15	359.81247	0.025139358	0.821812596	0.6743471582	0.25	533.60034	0.03728156	0.7373271889	0.8571428571																
51	0.075	340.88882	0.023817202	0.4485407066	1	0.15	403.67014	0.028203605	0.8878648233	0.6420890937	0.25	517.4265	0.036151532	0.9923195084	0.7880184332																
52	0.075	368.931	0.025776451	0.4838709677	0.9861751152	0.15	338.89468	0.023677878	0.8678955453	0.6374807988	0.25	580.34595	0.04054758	0.801843318	0.8248847926																
53	0.075	385.93973	0.026964817	0.9262672811	0.509984639	0.15	390.91592	0.027312495	0.8678955453	0.6036866359	0.25	823.87213	0.05756225	0.9262672811	0.7050691244																
54	0.075	435.60602	0.030434897	0.4500768049	1	0.15	503.01025	0.03514429	0.4915514593	1	0.25	479.0634	0.033471175	0.866359447	0.7542242704																
55	0.075	360.21927	0.02516778	0.4470046083	1	0.15	407.3401	0.028460013	0.8079877112	0.6267281106	0.25	561.00665	0.039196383	0.7557603687	0.9170506912																
56	0.075	381.567	0.0266593	0.4500768049	1	0.15	433.24362	0.030269844	0.7910906298	0.5360983103	0.25	536.018	0.037450474	0.8571428571	0.8187403994																
57	0.075	353.20535	0.024677731	0.9247311828	0.4869431644	0.15	605.0972	0.042276904	0.4562211982	0.9523809524	0.25	533.12445	0.03724831	0.7465437788	0.8525345622																
58	0.075	392.67072	0.027435098	0.4531490015	1	0.15	498.68512	0.034842107	0.4792626728	0.980030722	0.25	1172.6876	0.081933275	0.7695852535	0.8725038402																
59	0.075	348.2678	0.024332758	0.4531490015	1	0.15	385.553	0.0269378	0.5145929339	0.8387096774	0.25	537.56024	0.03755823	0.8110599078	0.8602150538																
60	0.075	367.07773	0.025646968	0.4531490015	1	0.15	351.33075	0.024546755	0.9523809524	0.5007680492	0.25	644.09576	0.045001652	0.7895545315	0.8648233487																